W=[3733.937831
3734.080002
3734.506441
3735.216919
3736.211057
3737.48832
3739.048021
3740.889315
3743.011197
3745.412504
3748.091906
3751.047907
3754.278839
3757.78286
3761.557948
3765.601896
3769.912309
3774.486598
3779.321971
3784.415434
3789.763778
3795.363574
3801.211171
3807.302684
3813.633987
3820.200709
3826.998225
3834.021648
3841.265822
3848.725315
3856.394409
3864.267098
3872.337074
3880.597726
3889.042128
3897.663036
3906.452882
3915.403766
3924.507451
3933.75536
3943.138572
3952.647817
3962.273474
3972.005573
3981.833789
3991.747448
4001.735524
4011.786646
4021.889101
4032.03084
4042.199486
4052.382343
4062.566406
4072.738376
4082.884674
4092.991454
4103.044628
4113.029881
4122.932697
4132.738384
4142.432095
4151.998867
4161.423642
4170.691309
4179.786729
4188.694782
4197.400397
4205.888598
4214.144542
4222.153564
4229.901219
4237.373329
4244.556025
4251.435799
4257.999544
4264.234601
4270.128808
4275.670541
4280.848762
4285.653054
4290.073672
4294.101571
4297.728453
4300.946793
4303.749875
4306.131819
4308.087605
4309.613097
4310.705057
4311.361166
4311.580024
4311.361166
4310.705057
4309.613097
4308.087605
4306.131819
4303.749875
4300.946793
4297.728453
4294.101571
4290.073672
4285.653054
4280.848762
4275.670541
4270.128808
4264.234601
4257.999544
4251.435799
4244.556025
4237.373329
4229.901219
4222.153564
4214.144542
4205.888598
4197.400397
4188.694782
4179.786729
4170.691309
4161.423642
4151.998867
4142.432095
4132.738384
4122.932697
4113.029881
4103.044628
4092.991454
4082.884674
4072.738376
4062.566406
4052.382343
4042.199486
4032.03084
4021.889101
4011.786646
4001.735524
3991.747448
3981.833789
3972.005573
3962.273474
3952.647817
3943.138572
3933.75536
3924.507451
3915.403766
3906.452882
3897.663036
3889.042128
3880.597726
3872.337074
3864.267098
3856.394409
3848.725315
3841.265822
3834.021648
3826.998225
3820.200709
3813.633987
3807.302684
3801.211171
3795.363574
3789.763778
3784.415434
3779.321971
3774.486598
3769.912309
3765.601896
3761.557948
3757.78286
3754.278839
3751.047907
3748.091906
3745.412504
3743.011197
3740.889315
3739.048021
3737.48832
3736.211057
3735.216919
3734.506441
3734.080002
3733.937831
3734.080002
3734.506441
3735.216919
3736.211057
3737.48832
3739.048021
3740.889315
3743.011197
3745.412504
3748.091906
3751.047907
3754.278839
3757.78286
3761.557948
3765.601896
3769.912309
3774.486598
3779.321971
3784.415434
3789.763778
3795.363574
3801.211171
3807.302684
3813.633987
3820.200709
3826.998225
3834.021648
3841.265822
3848.725315
3856.394409
3864.267098
3872.337074
3880.597726
3889.042128
3897.663036
3906.452882
3915.403766
3924.507451
3933.75536
3943.138572
3952.647817
3962.273474
3972.005573
3981.833789
3991.747448
4001.735524
4011.786646
4021.889101
4032.03084
4042.199486
4052.382343
4062.566406
4072.738376
4082.884674
4092.991454
4103.044628
4113.029881
4122.932697
4132.738384
4142.432095
4151.998867
4161.423642
4170.691309
4179.786729
4188.694782
4197.400397
4205.888598
4214.144542
4222.153564
4229.901219
4237.373329
4244.556025
4251.435799
4257.999544
4264.234601
4270.128808
4275.670541
4280.848762
4285.653054
4290.073672
4294.101571
4297.728453
4300.946793
4303.749875
4306.131819
4308.087605
4309.613097
4310.705057
4311.361166
4311.580024
4311.361166
4310.705057
4309.613097
4308.087605
4306.131819
4303.749875
4300.946793
4297.728453
4294.101571
4290.073672
4285.653054
4280.848762
4275.670541
4270.128808
4264.234601
4257.999544
4251.435799
4244.556025
4237.373329
4229.901219
4222.153564
4214.144542
4205.888598
4197.400397
4188.694782
4179.786729
4170.691309
4161.423642
4151.998867
4142.432095
4132.738384
4122.932697
4113.029881
4103.044628
4092.991454
4082.884674
4072.738376
4062.566406
4052.382343
4042.199486
4032.03084
4021.889101
4011.786646
4001.735524
3991.747448
3981.833789
3972.005573
3962.273474
3952.647817
3943.138572
3933.75536
3924.507451
3915.403766
3906.452882
3897.663036
3889.042128
3880.597726
3872.337074
3864.267098
3856.394409
3848.725315
3841.265822
3834.021648
3826.998225
3820.200709
3813.633987
3807.302684
3801.211171
3795.363574
3789.763778
3784.415434
3779.321971
3774.486598
3769.912309
3765.601896
3761.557948
3757.78286
3754.278839
3751.047907
3748.091906
3745.412504
3743.011197
3740.889315
3739.048021
3737.48832
3736.211057
3735.216919
3734.506441
3734.080002]*4.44822;