v_piston=[0
562.6738923
1124.833649
1685.965709
2245.557658
2803.098803
3358.080739
3909.997921
4458.348222
5002.633498
5542.360142
6077.03963
6606.189072
7129.331741
7645.997608
8155.723862
8658.055423
9152.545445
9638.755814
10116.25763
10584.63166
11043.46885
11492.37073
11930.94984
12358.8302
12775.6477
13181.05047
13574.6993
13956.26798
14325.44366
14681.9272
15025.43346
15355.6916
15672.44541
15975.45353
16264.48972
16539.34309
16799.81832
17045.73584
17276.93202
17493.25933
17694.58645
17880.79845
18051.79682
18207.4996
18347.84143
18472.77356
18582.26392
18676.29711
18754.87436
18818.0135
18865.74893
18898.13152
18915.22851
18917.12342
18903.91589
18875.72155
18832.67183
18774.91378
18702.60987
18615.93774
18515.08999
18400.27389
18271.71111
18129.63742
17974.30241
17805.96911
17624.91369
17431.42508
17225.80462
17008.36564
16779.43309
16539.34309
16288.44255
16027.08869
15755.64862
15474.49884
15184.02481
14884.62045
14576.68761
14260.63566
13936.88088
13605.84601
13267.9597
12923.65598
12573.37374
12217.55617
11856.65023
11491.10609
11121.37659
10747.91667
10371.18282
9991.632559
9609.723808
9225.91439
8840.661456
8454.420928
8067.646952
7680.79135
7294.303073
6908.627663
6524.206717
6141.477355
5760.871704
5382.816374
5007.731954
4636.032511
4268.125098
3904.409273
3545.276626
3191.110317
2842.284629
2499.164526
2162.105227
1831.451794
1507.538732
1190.689598
881.216634
579.4204057
285.5894605
0
-277.0844317
-545.4132433
-804.7490749
-1054.86806
-1295.560071
-1526.628945
-1747.892694
-1959.183696
-2160.348869
-2351.249824
-2531.763005
-2701.779799
-2861.206643
-3009.965097
-3147.991908
-3275.239049
-3391.673741
-3497.278458
-3592.050908
-3676.003999
-3749.165781
-3811.579376
-3863.302885
-3904.409273
-3934.986241
-3955.136076
-3964.975488
-3964.635418
-3954.26084
-3934.010538
-3904.056869
-3864.585509
-3815.795179
-3757.897357
-3691.115979
-3615.68711
-3531.858621
-3439.889829
-3340.051139
-3232.623664
-3117.898838
-2996.178005
-2867.772009
-2733.000761
-2592.192805
-2445.68486
-2293.821369
-2136.954018
-1975.441267
-1809.647856
-1639.94431
-1466.706439
-1290.314827
-1111.154314
-929.6134828
-746.0841246
-560.9607161
-374.6398845
-187.5198722
0
187.5198722
374.6398845
560.9607161
746.0841246
929.6134828
1111.154314
1290.314827
1466.706439
1639.94431
1809.647856
1975.441267
2136.954018
2293.821369
2445.68486
2592.192805
2733.000761
2867.772009
2996.178005
3117.898838
3232.623664
3340.051139
3439.889829
3531.858621
3615.68711
3691.115979
3757.897357
3815.795179
3864.585509
3904.056869
3934.010538
3954.26084
3964.635418
3964.975488
3955.136076
3934.986241
3904.409273
3863.302885
3811.579376
3749.165781
3676.003999
3592.050908
3497.278458
3391.673741
3275.239049
3147.991908
3009.965097
2861.206643
2701.779799
2531.763005
2351.249824
2160.348869
1959.183696
1747.892694
1526.628945
1295.560071
1054.86806
804.7490749
545.4132433
277.0844317
0
-285.5894605
-579.4204057
-881.216634
-1190.689598
-1507.538732
-1831.451794
-2162.105227
-2499.164526
-2842.284629
-3191.110317
-3545.276626
-3904.409273
-4268.125098
-4636.032511
-5007.731954
-5382.816374
-5760.871704
-6141.477355
-6524.206717
-6908.627663
-7294.303073
-7680.79135
-8067.646952
-8454.420928
-8840.661456
-9225.91439
-9609.723808
-9991.632559
-10371.18282
-10747.91667
-11121.37659
-11491.10609
-11856.65023
-12217.55617
-12573.37374
-12923.65598
-13267.9597
-13605.84601
-13936.88088
-14260.63566
-14576.68761
-14884.62045
-15184.02481
-15474.49884
-15755.64862
-16027.08869
-16288.44255
-16539.34309
-16779.43309
-17008.36564
-17225.80462
-17431.42508
-17624.91369
-17805.96911
-17974.30241
-18129.63742
-18271.71111
-18400.27389
-18515.08999
-18615.93774
-18702.60987
-18774.91378
-18832.67183
-18875.72155
-18903.91589
-18917.12342
-18915.22851
-18898.13152
-18865.74893
-18818.0135
-18754.87436
-18676.29711
-18582.26392
-18472.77356
-18347.84143
-18207.4996
-18051.79682
-17880.79845
-17694.58645
-17493.25933
-17276.93202
-17045.73584
-16799.81832
-16539.34309
-16264.48972
-15975.45353
-15672.44541
-15355.6916
-15025.43346
-14681.9272
-14325.44366
-13956.26798
-13574.6993
-13181.05047
-12775.6477
-12358.8302
-11930.94984
-11492.37073
-11043.46885
-10584.63166
-10116.25763
-9638.755814
-9152.545445
-8658.055423
-8155.723862
-7645.997608
-7129.331741
-6606.189072
-6077.03963
-5542.360142
-5002.633498
-4458.348222
-3909.997921
-3358.080739
-2803.098803
-2245.557658
-1685.965709
-1124.833649
-562.6738923];